<?xml version="1.0"?>
<opencv_storage>
<calibration_Time>"Mon Mar 16 12:22:10 2015"</calibration_Time>
<nrOfFrames>4</nrOfFrames>
<image_Width>640</image_Width>
<image_Height>480</image_Height>
<board_Width>10</board_Width>
<board_Height>7</board_Height>
<square_Size>2.</square_Size>
<FixAspectRatio>0.</FixAspectRatio>
<!-- flags:  +fix_aspectRatio +fix_principal_point +zero_tangent_dist -->
<flagValue>14</flagValue>
<Camera_Matrix type_id="opencv-matrix">
  <rows>3</rows>
  <cols>3</cols>
  <dt>d</dt>
  <data>
    6.5968197051718198e+02 0. 3.1950000000000000e+02 0.
    6.5968197051718198e+02 2.3950000000000000e+02 0. 0. 1.</data></Camera_Matrix>
<Distortion_Coefficients type_id="opencv-matrix">
  <rows>5</rows>
  <cols>1</cols>
  <dt>d</dt>
  <data>
    2.1156638813158868e-01 -1.0018453890092551e+00 0. 0.
    1.4967148301414539e+00</data></Distortion_Coefficients>
<Avg_Reprojection_Error>5.5365638639511957e+01</Avg_Reprojection_Error>
<Per_View_Reprojection_Errors type_id="opencv-matrix">
  <rows>4</rows>
  <cols>1</cols>
  <dt>f</dt>
  <data>
    4.17069931e+01 4.22846107e+01 6.09411736e+01 7.08528595e+01</data></Per_View_Reprojection_Errors>
<!-- a set of 6-tuples (rotation vector + translation vector) for each view -->
<Extrinsic_Parameters type_id="opencv-matrix">
  <rows>4</rows>
  <cols>6</cols>
  <dt>d</dt>
  <data>
    -3.0393865854724472e-01 -2.1542422983863059e-02
    -1.3421770939232350e-01 -8.6422181862680389e+00
    2.2249439972726006e+00 4.3773143779044752e+01
    -2.9449383546383684e-01 -5.4222260428907598e-01
    -1.4019846406928482e+00 -1.0307778820499383e+01
    5.5041467111483762e+00 2.8833519912385547e+01 4.0033892925892316e-02
    -1.7248231757047139e-01 1.6547769640859831e+00
    7.0276903794759411e+00 -7.6739407010347254e+00
    2.7279379400185089e+01 -3.1327779235214410e-02
    -7.9974470371402706e-01 -2.8809303216244229e+00
    8.7050471899497541e+00 1.1845573843848184e+01 3.4135920871431011e+01</data></Extrinsic_Parameters>
<Image_points type_id="opencv-matrix">
  <rows>4</rows>
  <cols>70</cols>
  <dt>"2f"</dt>
  <data>
    1.88766800e+02 2.72907776e+02 2.19087830e+02 2.69250702e+02
    2.49571121e+02 2.65236755e+02 2.79618195e+02 2.61223633e+02
    3.09361603e+02 2.57614594e+02 3.38868103e+02 2.53646301e+02
    3.68419373e+02 2.49678421e+02 3.97792999e+02 2.45663467e+02
    4.27275635e+02 2.42193695e+02 4.57206818e+02 2.37717148e+02
    1.90568787e+02 3.02715607e+02 2.21912704e+02 2.98705902e+02
    2.52406021e+02 2.94507812e+02 2.83091522e+02 2.90416107e+02
    3.12951080e+02 2.86564850e+02 3.43215332e+02 2.82400055e+02
    3.72895538e+02 2.78352051e+02 4.02641846e+02 2.74773560e+02
    4.32645233e+02 2.70936249e+02 4.63068665e+02 2.66550507e+02
    1.92853012e+02 3.33326202e+02 2.24255127e+02 3.29254181e+02
    2.55497849e+02 3.24656677e+02 2.86337250e+02 3.20383179e+02
    3.17101013e+02 3.16424713e+02 3.47467163e+02 3.12257965e+02
    3.77889038e+02 3.08187195e+02 4.07943298e+02 3.04356171e+02
    4.38408844e+02 3.00420380e+02 4.68853577e+02 2.96306763e+02
    1.95030807e+02 3.64965118e+02 2.26834702e+02 3.60501373e+02
    2.58350006e+02 3.55898346e+02 2.90079590e+02 3.51414246e+02
    3.20960144e+02 3.47242218e+02 3.52098175e+02 3.42910095e+02
    3.82875427e+02 3.38594604e+02 4.13667755e+02 3.34583099e+02
    4.44584076e+02 3.30578827e+02 4.75566010e+02 3.26383179e+02
    1.97198944e+02 3.97550476e+02 2.29627884e+02 3.92925201e+02
    2.61596466e+02 3.88092377e+02 2.93682465e+02 3.83505615e+02
    3.25392517e+02 3.79091705e+02 3.56676453e+02 3.74665405e+02
    3.88186127e+02 3.70250763e+02 4.19602570e+02 3.65832275e+02
    4.51175446e+02 3.61640869e+02 4.82433197e+02 3.57321472e+02
    1.99572830e+02 4.31374084e+02 2.32414429e+02 4.26433594e+02
    2.65025787e+02 4.21519257e+02 2.97620697e+02 4.16722717e+02
    3.29676453e+02 4.12280701e+02 3.61736450e+02 4.07609711e+02
    3.93457062e+02 4.03061859e+02 4.25321014e+02 3.98537628e+02
    4.57196136e+02 3.94134460e+02 4.89043030e+02 3.89635101e+02
    2.02160873e+02 4.65801514e+02 2.35495239e+02 4.60929962e+02
    2.68550323e+02 4.55767059e+02 3.01556213e+02 4.51030151e+02
    3.34237335e+02 4.46266052e+02 3.66791962e+02 4.41374634e+02
    3.99073730e+02 4.36650116e+02 4.31240021e+02 4.31870605e+02
    4.63472595e+02 4.27301605e+02 4.95573883e+02 4.22604431e+02
    7.95160599e+01 3.66973694e+02 9.17441559e+01 3.24940308e+02
    1.02904236e+02 2.85371857e+02 1.13457245e+02 2.48053253e+02
    1.23536690e+02 2.13592484e+02 1.32571136e+02 1.80852844e+02
    1.40901505e+02 1.50037262e+02 1.48753159e+02 1.20936684e+02
    1.56214188e+02 9.46480637e+01 1.63188629e+02 6.72570877e+01
    1.26902527e+02 3.73273438e+02 1.37352707e+02 3.31342102e+02
    1.47053040e+02 2.91639069e+02 1.56014404e+02 2.54663086e+02
    1.64714478e+02 2.20230484e+02 1.72381973e+02 1.87340775e+02
    1.79297012e+02 1.57001617e+02 1.86075089e+02 1.29317291e+02
    1.92285309e+02 1.02113258e+02 1.98258347e+02 7.48057785e+01
    1.73833084e+02 3.79275696e+02 1.82320282e+02 3.37347870e+02
    1.90517532e+02 2.97916046e+02 1.98158386e+02 2.60918793e+02
    2.05168671e+02 2.26599899e+02 2.11428497e+02 1.94238785e+02
    2.17154846e+02 1.64104614e+02 2.22682419e+02 1.36023376e+02
    2.27887024e+02 1.08823685e+02 2.32775864e+02 8.26589966e+01
    2.19681854e+02 3.85036896e+02 2.26444946e+02 3.43399689e+02
    2.32782516e+02 3.03888916e+02 2.38874008e+02 2.66893860e+02
    2.44586990e+02 2.33033325e+02 2.49608047e+02 2.00777664e+02
    2.54220764e+02 1.70314270e+02 2.58538391e+02 1.42212265e+02
    2.62883240e+02 1.14730156e+02 2.66767914e+02 8.86019363e+01
    2.64555725e+02 3.90770172e+02 2.69591888e+02 3.49117126e+02
    2.74213379e+02 3.09739502e+02 2.78827393e+02 2.73063507e+02
    2.83129089e+02 2.39191574e+02 2.86825806e+02 2.07246567e+02
    2.90513214e+02 1.76839996e+02 2.93971619e+02 1.47467499e+02
    2.97372772e+02 1.20080009e+02 3.00372650e+02 9.39344330e+01
    3.08879761e+02 3.96640656e+02 3.12037933e+02 3.54951782e+02
    3.15075775e+02 3.15797211e+02 3.18300842e+02 2.79090454e+02
    3.21194672e+02 2.45280045e+02 3.23795593e+02 2.13421341e+02
    3.26215607e+02 1.83396805e+02 3.28485107e+02 1.55087234e+02
    3.30980530e+02 1.27321762e+02 3.33472168e+02 1.00816200e+02
    3.52462677e+02 4.02508698e+02 3.53763367e+02 3.60955841e+02
    3.55322876e+02 3.21777710e+02 3.57103210e+02 2.85124725e+02
    3.58649170e+02 2.51399902e+02 3.60110901e+02 2.19457474e+02
    3.61372437e+02 1.89688156e+02 3.62743927e+02 1.61199158e+02
    3.64091156e+02 1.34156982e+02 3.65843964e+02 1.07485985e+02
    4.92494873e+02 5.16161079e+01 4.85647797e+02 1.01462486e+02
    4.79301483e+02 1.50202713e+02 4.73094055e+02 1.98175339e+02
    4.66812988e+02 2.44753357e+02 4.61425049e+02 2.90787384e+02
    4.56458954e+02 3.36090088e+02 4.51397583e+02 3.80838409e+02
    4.45693726e+02 4.24026764e+02 4.41268768e+02 4.68327179e+02
    4.44408142e+02 4.62872353e+01 4.37879425e+02 9.66790009e+01
    4.32018127e+02 1.45859726e+02 4.26061859e+02 1.94126328e+02
    4.20352142e+02 2.40811218e+02 4.15519531e+02 2.87085327e+02
    4.10666809e+02 3.32510620e+02 4.05524475e+02 3.76673798e+02
    4.00641357e+02 4.20883362e+02 3.96528229e+02 4.65480713e+02
    3.95604126e+02 4.12029419e+01 3.89690369e+02 9.19506683e+01
    3.84314362e+02 1.41530029e+02 3.78964386e+02 1.90025146e+02
    3.73718079e+02 2.37013428e+02 3.68998718e+02 2.83251892e+02
    3.64567291e+02 3.28806274e+02 3.59976074e+02 3.73569366e+02
    3.55441040e+02 4.18224609e+02 3.51187134e+02 4.62369446e+02
    3.46495758e+02 3.56627235e+01 3.41351440e+02 8.69914856e+01
    3.36540192e+02 1.37064682e+02 3.31834381e+02 1.85905853e+02
    3.26964203e+02 2.33092377e+02 3.22668671e+02 2.79571747e+02
    3.18597443e+02 3.25682922e+02 3.14241241e+02 3.70805908e+02
    3.09967438e+02 4.16066925e+02 3.05958740e+02 4.60476379e+02
    2.96692017e+02 3.01180744e+01 2.92277649e+02 8.19379883e+01
    2.88322510e+02 1.32417908e+02 2.84074341e+02 1.81607224e+02
